)

11111111111111111111111111111111111111111
00000000000000000000000010000000000000001
10111111111111111111111010111111111111101
10000000000000001000001000001000000000101
10111111111111101011101111111011111110101
10000000001000100000100010000010000010101
10111111101010111111111010111110111010101
10001000001010100000101000100010100010101
11101011111010101110101111111010101110101
10001000001010001010101000100010101000101
10111011101011111010101010101110101011101
10000000100010000010001010001000101010001
10111110111110111111111011111011101010111
10000010100000100000000010000000101010001
10111010101111101011111110111111101011101
10101010001000101000100000100000001000101
10101011111010111110101111101111111111101
10001000000010001000101000101000000000101
10111111111111101011101011101011111110101
10000000000000100000001000001000000010000
11111111111111111111111111111111111111111
