%

1111111111111111111111111111111111111
0000000000001000000000000000101000001
1011111111101011111111111110101010101
1000000000101010100010000010100010101
1011111110101010101010111110111110101
1000000010100010001010100010000010101
1011111010111111111010101011111010101
1000100010100000000010101000001000101
1010101110101111111110101111101111111
1000100010001000000000100010101000001
1111101011111011101111111010101011101
1000001000001000100000001010101010101
1011111111101110111111101010101010101
1000000010100010001000100010001010101
1111101010111010101010111111111010101
1000001000001000100010000000000010000
1111111111111111111111111111111111111
